DATA=[
10 0.50
20 0.51
30 0.46
40 0.45
50 0.66
60 0.70
70 0.90
80 0.95
90 1.16
100 1.60
110 1.87
120 2.08
130 2.32
140 2.48
150 2.60
160 2.65
170 2.86
180 2.36
190 2.23
200 2.18
210 1.91
220 1.63
230 1.26
240 1.28
];