%%%%%%%%%%%%%%%%%%%%%%%%%
% File bach dati_vc
%%%%%%%%%%%%%%%%%%

%Contiene il data base di Van Cauter
%
% 
% dati - contiene i soggetti 
% Variabili di risposta : Volume, t1/2short t1/2long, , Fraction
%%
% Variabili
%
% 1-CLINICAL(0=normal, 1=obese,2=NIDDM)
% 2-Sex(0=M)
% 3-Age	
% 4-Height	
% 5-Weight	
%6-BMI	
%7-BSA	
%8-Volume		
%9-t1/2short	
%10-t1/2long	
%11-FRA	


dati=[0.000000 0.000000 31.000000 1.780000 70.200000 22.200000 1.860000 4.961000 5.184400 35.890100 0.776300 
0.000000 0.000000 21.000000 1.850000 84.400000 24.100000 2.070000 5.143000 4.345100 31.380800 0.772900 
0.000000 1.000000 33.000000 1.570000 52.700000 21.400000 1.560000 3.919000 5.269800 31.973400 0.704800 
0.000000 1.000000 23.000000 1.630000 53.400000 20.100000 1.560000 3.539000 5.501600 35.876000 0.799500 
0.000000 1.000000 28.000000 1.680000 58.300000 20.700000 1.660000 3.321000 5.389300 34.153300 0.796800 
0.000000 0.000000 26.000000 1.880000 68.200000 19.300000 1.920000 4.393000 6.020300 30.840600 0.732000 
0.000000 1.000000 45.000000 1.650000 66.400000 24.400000 1.730000 3.622000 4.823600 37.443000 0.805200 
0.000000 0.000000 26.000000 1.850000 81.800000 23.900000 2.040000 4.463000 6.545200 33.801100 0.789300 
0.000000 0.000000 40.000000 1.730000 72.800000 24.300000 1.860000 5.028000 5.055000 36.501400 0.778100 
0.000000 1.000000 45.000000 1.750000 75.600000 24.700000 1.900000 4.329000 5.004600 41.986200 0.758200 
0.000000 1.000000 44.000000 1.730000 69.200000 23.100000 1.810000 3.902000 5.103400 34.501700 0.778700 
0.000000 1.000000 55.000000 1.570000 55.900000 22.700000 1.550000 2.986000 4.905600 41.972400 0.823800 
0.000000 0.000000 62.000000 1.850000 85.900000 25.100000 2.090000 3.193000 4.020100 40.314900 0.789300 
0.000000 0.000000 60.000000 1.870000 87.100000 24.900000 2.120000 4.394000 8.075500 33.527100 0.769400 
0.000000 0.000000 21.000000 1.850000 89.400000 26.100000 2.120000 4.676000 5.040200 28.896100 0.774400 
0.000000 1.000000 23.000000 1.630000 55.500000 20.900000 1.580000 3.163000 5.784700 30.964800 0.744300 
0.000000 1.000000 45.000000 1.750000 74.700000 24.400000 1.890000 2.934000 3.756600 35.727300 0.813400 
1.000000 0.000000 35.000000 1.780000 122.900000 38.900000 2.360000 6.382000 3.183500 39.192800 0.790500 
1.000000 0.000000 34.000000 1.730000 162.000000 54.300000 2.540000 5.331000 4.257700 35.704200 0.817300 
1.000000 0.000000 44.000000 1.780000 117.700000 37.100000 2.310000 4.935000 5.007300 35.214100 0.753100 
1.000000 1.000000 36.000000 1.550000 100.000000 41.700000 1.970000 4.262000 4.386900 35.527800 0.803600 
1.000000 1.000000 45.000000 1.730000 85.900000 28.800000 1.990000 5.130000 5.448400 38.531000 0.737100 
1.000000 1.000000 36.000000 1.680000 84.000000 29.900000 1.930000 3.455000 4.244100 31.231900 0.784500 
1.000000 1.000000 31.000000 1.590000 89.900000 35.600000 1.910000 3.857000 4.180200 32.550500 0.814500 
1.000000 1.000000 23.000000 1.800000 115.200000 35.400000 2.320000 4.014000 4.123400 38.064600 0.799900 
1.000000 1.000000 29.000000 1.700000 122.400000 42.300000 2.290000 5.206000 4.437400 30.129900 0.729700 
1.000000 0.000000 21.000000 1.750000 146.800000 47.800000 2.530000 6.813000 4.873700 33.026200 0.756500 
1.000000 1.000000 42.000000 1.580000 98.000000 39.500000 1.970000 4.588000 4.454000 35.564500 0.786100 
1.000000 1.000000 18.000000 1.650000 89.300000 32.800000 1.950000 4.270000 5.022800 33.146400 0.819900 
1.000000 1.000000 35.000000 1.700000 83.800000 29.000000 1.940000 7.221000 7.006700 36.326300 0.771800 
1.000000 1.000000 55.000000 1.610000 69.100000 32.200000 1.720000 3.005000 3.900000 37.505700 0.809600 
1.000000 0.000000 53.000000 1.830000 97.800000 29.200000 2.190000 4.133000 3.777100 33.974700 0.741300 
1.000000 0.000000 44.000000 1.780000 116.200000 36.700000 2.310000 4.588000 4.454000 35.564500 0.786100 
1.000000 1.000000 36.000000 1.460000 91.800000 38.200000 1.900000 3.300000 3.463600 34.163600 0.795300 
1.000000 1.000000 36.000000 1.680000 83.400000 29.500000 1.930000 3.014000 3.690800 32.522800 0.796400 
2.000000 0.000000 68.000000 1.780000 110.900000 35.000000 2.260000 4.796000 5.307000 63.591500 0.804500 
2.000000 0.000000 65.000000 1.750000 78.600000 25.600000 1.930000 4.655000 5.033300 40.776500 0.751400 
2.000000 0.000000 66.000000 1.730000 84.700000 28.300000 1.980000 3.813000 4.895100 37.650500 0.819900 
2.000000 0.000000 62.000000 1.750000 84.400000 27.600000 2.000000 4.366000 5.055100 46.237000 0.868900 
2.000000 1.000000 41.000000 1.700000 89.600000 31.000000 2.010000 5.584000 6.815100 39.160600 0.764300 
2.000000 1.000000 52.000000 1.610000 94.700000 36.500000 1.970000 3.779000 4.321800 34.959800 0.833700 
2.000000 0.000000 62.000000 1.700000 80.100000 27.700000 1.910000 4.333000 5.780300 52.940600 0.774300 
2.000000 0.000000 59.000000 1.700000 76.100000 26.300000 1.870000 3.106000 3.722400 30.798600 0.786800 
2.000000 0.000000 50.000000 1.820000 89.900000 27.100000 2.100000 4.985000 3.756200 41.306100 0.801400 
2.000000 0.000000 52.000000 1.700000 79.100000 27.400000 1.900000 4.203000 4.918700 34.503500 0.692000 
2.000000 0.000000 39.000000 1.780000 65.700000 20.700000 1.810000 3.758000 5.469900 35.747100 0.794000 
2.000000 0.000000 39.000000 1.830000 124.100000 37.100000 2.420000 4.145000 4.538700 37.481600 0.782400 
2.000000 0.000000 59.000000 1.710000 76.500000 26.200000 1.870000 3.454000 4.793100 35.917600 0.719100 
2.000000 1.000000 54.000000 1.630000 91.300000 34.400000 1.960000 5.241000 4.326100 36.698100 0.775600 
2.000000 1.000000 43.000000 1.640000 100.500000 37.400000 2.050000 4.145000 4.538700 37.481600 0.782400 
2.000000 1.000000 51.000000 1.700000 97.700000 33.800000 2.080000 3.624000 4.491700 37.890300 0.799200 
2.000000 1.000000 46.000000 1.650000 75.300000 27.700000 1.820000 3.711000 3.974600 32.209600 0.782900 
2.000000 0.000000 60.000000 1.770000 96.100000 30.700000 2.120000 4.778000 4.037000 28.390100 0.719000 
2.000000 0.000000 66.000000 1.730000 87.300000 29.200000 2.010000 3.946000 4.425700 37.683100 0.757600 
2.000000 1.000000 48.000000 1.570000 113.400000 46.000000 2.090000 5.145000 5.044800 48.092600 0.800900 
0.000000 0.000000 22.000000 1.870000 83.600000 23.900000 2.080000 4.431000 5.184000 29.121900 0.793700 
0.000000 1.000000 19.000000 1.680000 67.000000 23.500000 1.760000 3.854000 4.695800 30.668200 0.775000 
0.000000 0.000000 25.000000 1.790000 84.700000 26.400000 2.040000 4.124000 3.438000 22.214700 0.716400 
0.000000 1.000000 22.000000 1.600000 65.200000 25.500000 1.670000 4.781000 7.079700 25.862000 0.743400 
0.000000 0.000000 26.000000 1.760000 67.300000 21.700000 1.810000 4.589000 5.457800 26.651200 0.707000 
1.000000 1.000000 44.000000 1.580000 81.500000 32.600000 1.830000 4.235000 4.881000 34.481500 0.755500 
2.000000 0.000000 52.000000 1.740000 121.000000 39.900000 2.320000 4.521000 3.034700 25.757300 0.748900 
2.000000 1.000000 55.000000 1.640000 65.100000 24.200000 1.700000 3.480000 3.962900 29.119600 0.717400 
0.000000 1.000000 34.000000 1.560000 61.000000 25.100000 1.620000 2.387000 2.852300 26.657700 0.796400 
2.000000 1.000000 30.000000 1.670000 89.200000 31.900000 1.880000 3.686000 3.029500 28.153900 0.812000 
2.000000 0.000000 49.000000 1.770000 116.200000 37.100000 2.310000 3.795000 3.354900 30.258500 0.800200 
2.000000 1.000000 50.000000 1.650000 98.600000 36.200000 2.040000 3.662000 3.833700 38.270500 0.848200 
1.000000 1.000000 45.000000 1.400000 96.000000 49.200000 1.820000 6.148000 6.000900 41.502800 0.747400 
1.000000 1.000000 47.000000 1.690000 74.700000 26.200000 1.850000 4.515000 4.106000 40.532200 0.789000 
1.000000 1.000000 40.000000 1.610000 78.300000 30.400000 1.830000 3.827000 4.060300 35.726700 0.813300 
1.000000 1.000000 40.000000 1.720000 106.500000 36.000000 2.240000 5.750000 4.463000 35.726900 0.731500 
1.000000 1.000000 43.000000 1.690000 110.400000 38.600000 2.180000 6.429000 8.233200 49.450800 0.770800 
1.000000 0.000000 55.000000 1.750000 94.800000 31.000000 2.100000 3.372000 3.999400 26.555500 0.710400 
